# COMPARING INPUTS OF MY IMPLEMENTATION OF SHA1 AND ACTUAL SHA1

MINE 
---------------------
no string
0x3DC0011F3511D425
0x55E227862E5CE843
0x6FE10576

The quick brown...
0xD9FCC5CB89BBB880
0x81A9BF6D14B38AFA
0xA456F444


VS

CORRECT 
---------------------
no string 
0xDA39A3EE5E6B4B0D
0x3255BFEF95601890
0xAFD80709

The quick brown...
0x2FD4E1C67A2D28FC
0xED849EE1BB76E739
0x1B93EB12



WORD THE QUICK BROWN CORRECT
1416127776
1903520099
1797284466
1870097952
1718581280
1786080624
1931505526
1701978228
1751457900
1635416352
1685022592
0
0
0
0
344
-1369813380
-17761082
-767493868
1454414425
-679487711
-1165006815
-1679054202
-1494278565
834585442
146955968
562102686
-836980106
-1082453053
907858383
-145052391
-825630707
-143570038
-1347343732
-722493619
-1432086775
-1195603504
-47812111
-279468055
-1330621811
886173966
208716711
-179585221
-857011332
-103028389
-512623087
1194234892
1344725678
-327305295
-1667836836
-1837328879
-299256726
1699489404
2100729592
-452793086
324316145
-1583161608
1914692363
460379905
-1004322818
1397583937
-1373455731
350610051
424925829
-486372438
680182652
-366511149
1753034125
-149753721
1422915758
1886517736
504677873
440333818
-577778493
2015113925
814004744
-630498036
927290567
1847874963
-347274743


WRONG THE QUICK BROWN
543516756
1667855729
1919033451
544110447
544763750
1886221674
1986994291
1948283493
1814062440
544832097
6778724
0
0
-2147483648
0
1476460544
-2102653862
813870092
842039980
-1741541246
311964208
873633842
-1607200104
178271250
-1408589772
-1767109984
-1701401590
647665324
-1272538474
1051993754
-1640057818
312360628
-1777164738
244716190
-1374775790
-1532096874
-1968919026
478848174
-1810068828
345250954
404001820
-1776806764
915806228
1647744536
1650603670
1482842678
-866622878
1288460386
743230552
808209612
-1271911348
984887340
-1640319952
111033012
-569991622
-824310113
30334470
118494
462
0
1
16777216
33619968
-1342045952
11534848
45058
177
50331648
-1341980671
28312320
110594
432
0
33554432
-1342046208
45089280
-1342001150
11535024
45058
176